7 16 10 0 51 110.000000 0.000000 16.540000 4.210000 8.730000 0.000000 26.390000 8.730000
7 16 12 0 60 118.000000 0.000000 18.330000 3.500000 10.320000 23.210000 27.660000 10.320000
7 16 14 0 58 131.000000 0.000000 20.210000 4.620000 10.320000 25.000000 29.440000 10.320000
7 16 16 0 60 130.000000 0.000000 23.500000 5.040000 13.490000 26.880000 31.580000 13.490000
7 16 18 0 60 135.000000 0.000000 22.740000 5.570000 19.050000 30.170000 34.150000 19.050000
7 16 20 0 60 151.000000 0.000000 25.850000 5.120000 17.460000 32.050000 35.490000 17.460000
7 16 22 0 63 163.000000 0.000000 27.960000 5.610000 23.810000 35.150000 39.170000 23.810000
7 16 24 0 63 150.000000 0.000000 29.790000 5.480000 20.630000 37.270000 40.390000 20.630000
7 16 26 0 64 179.000000 0.000000 28.950000 6.950000 31.750000 39.100000 44.070000 31.750000
7 16 28 0 61 178.000000 0.000000 30.830000 7.250000 31.750000 40.880000 45.770000 31.750000
7 16 30 0 61 172.000000 0.000000 32.660000 7.970000 34.920000 42.760000 48.200000 34.920000
7 16 32 0 60 176.000000 0.000000 36.000000 9.240000 44.440000 44.600000 52.650000 44.440000
7 16 34 0 60 184.000000 0.000000 35.200000 9.070000 42.860000 47.930000 54.080000 42.860000
7 16 36 1 61 468.000000 23471.000000 37.030000 10.590000 48.410000 49.770000 58.230000 48.410000
7 16 38 1 66 973.000000 27680.000000 41.680000 11.430000 51.590000 51.600000 60.810000 51.590000
7 16 40 1 83 1205.000000 76616.000000 45.210000 11.260000 61.110000 56.250000 67.910000 61.110000
7 1 10 0 41 63.000000 0.000000 8.320000 1.070000 0.550000 59.770000 8.510000 0.550000
7 1 12 0 40 62.000000 0.000000 9.680000 0.800000 0.640000 13.670000 8.980000 0.640000
7 1 14 0 41 69.000000 0.000000 11.040000 1.140000 0.640000 15.040000 9.590000 0.640000
7 1 16 0 43 67.000000 0.000000 12.450000 1.190000 0.840000 16.400000 10.140000 0.840000
7 1 18 0 41 66.000000 0.000000 11.140000 0.860000 1.190000 17.810000 10.800000 1.190000
7 1 20 0 41 68.000000 0.000000 12.550000 1.290000 1.090000 19.130000 11.290000 1.090000
7 1 22 0 49 80.000000 0.000000 14.140000 1.460000 1.490000 20.540000 12.040000 1.490000
7 1 24 0 50 82.000000 0.000000 15.460000 1.300000 1.290000 22.130000 12.520000 1.290000
7 1 26 0 51 83.000000 0.000000 14.140000 1.330000 1.980000 23.450000 13.320000 1.980000
7 1 28 0 56 93.000000 0.000000 15.460000 1.590000 1.980000 24.770000 13.840000 1.980000
7 1 30 0 57 102.000000 0.000000 17.110000 1.490000 2.180000 26.080000 14.480000 2.180000
7 1 32 0 55 110.000000 0.000000 18.470000 1.680000 2.780000 27.730000 15.170000 2.780000
7 1 34 0 60 133.000000 0.000000 23.500000 2.550000 7.640000 29.090000 21.280000 7.640000
7 1 36 0 41 74.000000 0.000000 18.520000 1.650000 3.030000 36.750000 16.430000 3.030000
7 1 38 0 42 80.000000 0.000000 20.020000 2.100000 3.220000 31.770000 17.090000 3.220000
7 2 10 0 42 63.000000 0.000000 9.070000 1.060000 1.090000 33.270000 9.760000 1.090000
7 2 12 0 44 69.000000 0.000000 10.670000 1.440000 1.290000 14.430000 10.250000 1.290000
7 2 14 0 45 72.000000 0.000000 11.980000 1.370000 1.290000 16.020000 10.930000 1.290000
7 2 16 0 46 72.000000 0.000000 13.580000 1.470000 1.690000 17.340000 11.600000 1.690000
7 2 18 0 45 71.000000 0.000000 12.270000 1.440000 2.380000 18.940000 12.390000 2.380000
7 2 20 0 48 77.000000 0.000000 13.770000 1.470000 2.180000 20.250000 12.940000 2.180000
7 2 22 0 50 81.000000 0.000000 15.370000 1.690000 2.980000 21.760000 13.840000 2.980000
7 2 24 0 49 86.000000 0.000000 16.680000 1.610000 2.580000 23.360000 14.380000 2.580000
7 2 26 0 50 84.000000 0.000000 15.460000 1.820000 3.970000 24.670000 15.380000 3.970000
7 2 28 1 48 111.000000 34.000000 16.780000 1.730000 3.970000 26.080000 15.980000 3.970000
7 2 30 0 55 97.000000 0.000000 18.420000 1.870000 4.370000 27.400000 16.740000 4.370000
7 2 32 0 54 99.000000 0.000000 19.920000 2.030000 5.560000 29.040000 17.680000 5.560000
7 2 34 0 58 103.000000 0.000000 18.660000 2.310000 5.360000 30.550000 18.320000 5.360000
7 2 36 0 66 121.000000 0.000000 20.020000 2.390000 6.050000 31.910000 19.220000 6.050000
7 2 38 0 62 127.000000 0.000000 21.710000 2.590000 6.450000 33.270000 20.010000 6.450000
7 2 40 0 59 133.000000 0.000000 23.500000 2.550000 7.640000 34.960000 21.280000 7.640000
7 30 10 2 161 252.000000 0.000000 23.500000 2.550000 7.640000 36.750000 87.210000 16.370000
7 30 12 2 184 314.000000 0.000000 23.500000 2.550000 7.640000 84.680000 94.760000 19.350000
7 30 14 2 211 376.000000 0.000000 23.500000 2.550000 7.640000 93.050000 102.700000 19.350000
7 30 16 2 227 343.000000 0.000000 23.500000 2.550000 7.640000 103.340000 111.700000 25.300000
7 30 18 2 287 449.000000 0.000000 23.500000 2.550000 7.640000 114.710000 121.180000 35.710000
7 3 10 1 45 99.000000 5105.000000 18.940000 1.690000 1.640000 122.420000 17.160000 1.640000
7 3 12 0 47 82.000000 0.000000 20.350000 1.970000 1.930000 32.190000 18.540000 1.930000
7 3 14 0 49 96.000000 0.000000 23.640000 2.330000 1.930000 35.570000 19.930000 1.930000
7 3 16 0 50 101.000000 0.000000 25.470000 1.930000 2.530000 38.860000 21.810000 2.530000
7 3 18 1 51 144.000000 2838.000000 26.410000 2.610000 3.570000 42.670000 23.310000 3.570000
7 3 20 1 52 134.000000 17371.000000 28.010000 2.640000 3.270000 46.240000 24.800000 3.270000
7 3 22 1 56 140.000000 29416.000000 29.610000 2.750000 4.460000 49.810000 26.570000 4.460000
7 3 24 1 56 153.000000 16165.000000 32.990000 3.470000 3.870000 53.380000 27.940000 3.870000
7 3 26 1 59 166.000000 31867.000000 33.650000 2.930000 5.950000 56.770000 29.770000 5.950000
7 3 28 1 60 178.000000 15587.000000 35.200000 2.760000 5.950000 60.060000 31.250000 5.950000
7 3 30 1 62 173.000000 91651.000000 36.840000 3.990000 6.550000 63.580000 32.770000 6.550000
7 3 32 1 67 173.000000 40516.000000 40.410000 4.490000 8.330000 67.200000 34.850000 8.330000
7 3 34 1 68 157.000000 130875.000000 41.310000 3.860000 8.040000 70.770000 36.180000 8.040000
7 3 36 1 67 339.000000 126133.000000 42.670000 3.890000 9.080000 74.300000 38.290000 9.080000
7 3 38 1 75 229.000000 222849.000000 44.600000 3.580000 9.670000 77.630000 39.840000 9.670000
7 3 40 2 82 599.000000 0.000000 48.500000 3.350000 11.460000 81.530000 42.330000 11.460000
7 4 10 0 40 64.000000 0.000000 10.340000 1.590000 2.180000 85.430000 12.150000 2.180000
7 4 12 0 44 72.000000 0.000000 11.940000 1.800000 2.580000 15.700000 12.740000 2.580000
7 4 14 0 42 70.000000 0.000000 13.350000 1.950000 2.580000 17.290000 13.590000 2.580000
7 4 16 0 41 75.000000 0.000000 15.130000 2.050000 3.370000 18.700000 14.450000 3.370000
7 4 18 0 42 72.000000 0.000000 13.910000 2.020000 4.760000 20.490000 15.510000 4.760000
7 4 20 0 43 75.000000 0.000000 15.600000 2.110000 4.370000 21.900000 16.170000 4.370000
7 4 22 0 44 87.000000 0.000000 17.390000 2.490000 5.950000 23.590000 17.460000 5.950000
7 4 24 1 44 96.000000 320.000000 18.800000 2.600000 5.160000 25.380000 18.120000 5.160000
7 4 26 0 48 89.000000 0.000000 17.580000 2.520000 7.940000 26.790000 19.490000 7.940000
7 4 28 0 44 92.000000 0.000000 18.980000 2.430000 7.940000 28.200000 20.240000 7.940000
7 4 30 0 45 86.000000 0.000000 20.630000 2.800000 8.730000 29.610000 21.240000 8.730000
7 4 32 0 45 90.000000 0.000000 22.370000 2.990000 11.110000 31.250000 22.690000 11.110000
7 4 34 0 45 91.000000 0.000000 21.150000 3.250000 10.710000 32.990000 23.440000 10.710000
7 4 36 0 48 97.000000 0.000000 22.560000 3.320000 12.100000 34.400000 24.810000 12.100000
7 4 38 0 48 106.000000 0.000000 24.670000 3.630000 12.900000 35.810000 25.850000 12.900000
7 4 40 0 51 111.000000 0.000000 26.880000 4.260000 15.280000 37.920000 27.960000 15.280000
7 8 10 0 43 76.000000 0.000000 12.880000 2.330000 4.370000 40.130000 16.880000 4.370000
7 8 12 0 45 79.000000 0.000000 14.470000 2.280000 5.160000 18.230000 17.670000 5.160000
7 8 14 0 45 82.000000 0.000000 15.980000 2.740000 5.160000 19.830000 18.810000 5.160000
7 8 16 0 46 85.000000 0.000000 18.420000 2.800000 6.750000 21.330000 20.150000 6.750000
7 8 18 0 47 90.000000 0.000000 17.290000 3.200000 9.520000 23.780000 21.660000 9.520000
7 8 20 0 47 101.000000 0.000000 19.450000 3.210000 8.730000 25.280000 22.560000 8.730000
7 8 22 0 52 114.000000 0.000000 21.330000 3.640000 11.900000 27.440000 24.650000 11.900000
7 8 24 0 50 108.000000 0.000000 22.840000 3.760000 10.320000 29.320000 25.480000 10.320000
7 8 26 0 49 117.000000 0.000000 21.900000 3.820000 15.870000 30.830000 27.620000 15.870000
7 8 28 0 50 132.000000 0.000000 23.400000 3.010000 15.870000 32.520000 28.680000 15.870000
7 8 30 0 61 134.000000 0.000000 25.090000 4.090000 17.460000 34.020000 30.180000 17.460000
7 8 32 0 54 133.000000 0.000000 27.300000 5.060000 22.220000 35.710000 32.600000 22.220000
7 8 34 0 52 157.000000 0.000000 26.320000 4.650000 21.430000 37.920000 33.580000 21.430000
7 8 36 1 53 185.000000 9644.000000 27.820000 5.760000 24.210000 39.570000 35.870000 24.210000
7 8 38 0 53 187.000000 0.000000 30.780000 5.790000 25.790000 41.070000 37.420000 25.790000
7 8 40 1 59 248.000000 25040.000000 33.410000 6.490000 30.560000 44.030000 41.190000 30.560000
