7 1 10 0 73 125.000000 0.000000 18.370000 2.590000 2.730000 0.000000 22.290000 2.730000
7 1 12 0 77 138.000000 0.000000 20.210000 2.740000 2.780000 30.310000 24.270000 2.780000
7 1 14 0 79 141.000000 0.000000 23.260000 3.390000 2.780000 33.460000 26.810000 2.780000
7 1 16 0 81 152.000000 0.000000 25.470000 3.710000 2.880000 36.510000 29.930000 2.880000
7 1 18 1 84 214.000000 3751.000000 25.280000 4.210000 4.910000 40.040000 33.020000 4.910000
7 1 20 1 85 231.000000 71521.000000 26.970000 4.570000 5.460000 43.140000 35.540000 5.460000
7 1 22 1 92 281.000000 86534.000000 28.950000 3.910000 5.650000 46.150000 38.160000 5.650000
7 1 24 1 88 242.000000 132535.000000 32.100000 5.000000 5.950000 49.440000 40.660000 5.950000
7 1 26 1 97 300.000000 53045.000000 31.810000 5.530000 9.620000 52.580000 43.930000 9.620000
7 1 28 1 95 251.000000 22652.000000 33.550000 6.760000 9.620000 55.590000 46.550000 9.620000
7 1 30 1 98 370.000000 412163.000000 37.410000 7.230000 10.910000 58.650000 49.470000 10.910000
7 1 32 1 100 300.000000 155382.000000 40.460000 6.990000 11.210000 63.820000 52.340000 11.210000
7 1 34 1 106 348.000000 854953.000000 41.960000 8.430000 11.360000 66.870000 55.140000 11.360000
7 1 36 1 110 375.000000 579591.000000 43.560000 8.760000 14.380000 71.660000 59.050000 14.380000
7 1 38 1 119 552.000000 1068636.000000 49.110000 10.650000 14.480000 74.580000 62.010000 14.480000
7 1 40 1 130 494.000000 2147096.000000 53.340000 10.870000 14.780000 81.440000 65.220000 14.780000
7 2 10 0 74 156.000000 0.000000 20.720000 3.730000 5.460000 85.670000 31.880000 5.460000
7 2 12 0 77 165.000000 0.000000 22.740000 4.060000 5.560000 32.660000 34.720000 5.560000
7 2 14 0 81 189.000000 0.000000 25.990000 3.900000 5.560000 36.000000 38.730000 5.560000
7 2 18 1 89 257.000000 827.000000 28.480000 6.660000 9.820000 39.240000 48.820000 9.820000
7 2 20 0 89 243.000000 0.000000 30.220000 6.990000 10.910000 46.330000 52.720000 10.910000
7 2 22 1 89 298.000000 20495.000000 32.420000 7.510000 11.310000 49.390000 56.880000 11.310000
7 2 24 1 96 283.000000 59672.000000 35.620000 9.390000 11.900000 52.910000 60.520000 11.900000
7 2 26 1 99 335.000000 237944.000000 35.530000 10.900000 19.250000 56.110000 65.970000 19.250000
7 2 28 1 103 380.000000 405387.000000 37.310000 11.760000 19.250000 59.300000 70.120000 19.250000
7 2 30 2 102 190.000000 0.000000 42.900000 13.070000 21.830000 62.410000 75.020000 21.830000
7 2 32 1 102 638.000000 1639623.000000 45.820000 13.010000 22.420000 69.310000 79.550000 22.420000
7 2 34 1 108 470.000000 704874.000000 49.110000 15.100000 22.720000 72.230000 84.100000 22.720000
7 2 36 2 140 1189.000000 0.000000 50.890000 17.030000 28.770000 78.810000 90.730000 28.770000
7 2 38 2 123 1286.000000 0.000000 60.240000 17.030000 28.970000 81.910000 95.550000 28.970000
7 2 40 2 121 1315.000000 0.000000 65.370000 21.980000 29.560000 92.580000 100.770000 29.560000
7 3 10 1 106 391.000000 395574.000000 42.580000 7.140000 8.180000 97.700000 56.190000 8.180000
7 3 12 1 135 567.000000 1328274.000000 47.230000 8.530000 8.330000 74.910000 61.790000 8.330000
7 3 14 2 130 1148.000000 0.000000 52.540000 9.600000 8.330000 82.850000 68.960000 8.330000
7 3 16 2 138 1554.000000 0.000000 56.770000 12.710000 8.630000 90.790000 77.670000 8.630000
7 3 18 2 152 222.000000 0.000000 56.770000 12.710000 8.630000 99.620000 86.410000 14.730000
7 3 20 2 174 263.000000 0.000000 56.770000 12.710000 8.630000 60.480000 93.430000 16.370000
7 3 22 2 201 320.000000 0.000000 56.770000 12.710000 8.630000 65.080000 101.070000 16.960000
7 3 24 2 211 308.000000 0.000000 56.770000 12.710000 8.630000 68.660000 107.690000 17.860000
7 3 26 2 222 323.000000 0.000000 56.770000 12.710000 8.630000 74.150000 116.820000 28.870000
7 3 28 2 260 363.000000 0.000000 56.770000 12.710000 8.630000 77.350000 124.330000 28.870000
7 3 30 2 295 403.000000 0.000000 56.770000 12.710000 8.630000 82.050000 132.940000 32.740000
7 3 32 2 326 458.000000 0.000000 56.770000 12.710000 8.630000 90.650000 140.910000 33.630000
7 3 34 2 325 463.000000 0.000000 56.770000 12.710000 8.630000 95.580000 148.930000 34.080000
7 3 36 2 355 511.000000 0.000000 56.770000 12.710000 8.630000 103.950000 160.040000 43.150000
7 3 38 2 378 540.000000 0.000000 56.770000 12.710000 8.630000 107.330000 168.440000 43.450000
7 3 40 2 498 760.000000 0.000000 56.770000 12.710000 8.630000 123.450000 177.610000 44.350000
7 4 10 0 106 275.000000 0.000000 24.950000 6.160000 10.910000 131.200000 50.990000 10.910000
7 4 12 1 101 328.000000 648.000000 27.110000 7.070000 11.110000 37.550000 55.740000 11.110000
7 4 14 0 115 357.000000 0.000000 30.500000 7.780000 11.110000 41.020000 62.660000 11.110000
7 4 16 0 129 459.000000 0.000000 33.830000 12.320000 11.510000 44.410000 71.350000 11.510000
7 4 18 1 166 659.000000 32608.000000 34.020000 14.270000 19.640000 49.060000 80.510000 19.640000
7 4 20 1 102 881.000000 52299.000000 35.900000 15.200000 21.830000 52.540000 87.180000 21.830000
7 4 22 1 105 962.000000 95062.000000 38.440000 19.500000 22.620000 55.730000 94.370000 22.620000
7 4 24 1 109 594.000000 126909.000000 41.960000 21.010000 23.810000 59.590000 100.610000 23.810000
7 4 26 2 125 1398.000000 0.000000 41.960000 21.010000 23.810000 63.110000 110.110000 38.490000
7 4 28 2 109 123.000000 0.000000 41.960000 21.010000 23.810000 42.010000 117.420000 38.490000
7 4 30 2 122 1578.000000 0.000000 41.960000 21.010000 23.810000 44.130000 126.220000 43.650000
7 4 32 2 128 1587.000000 0.000000 41.960000 21.010000 23.810000 52.910000 134.190000 44.840000
7 4 34 2 142 1599.000000 0.000000 41.960000 21.010000 23.810000 55.970000 142.080000 45.440000
7 4 36 2 157 1617.000000 0.000000 41.960000 21.010000 23.810000 62.730000 154.280000 57.540000
7 4 38 2 153 280.000000 0.000000 41.960000 21.010000 23.810000 64.760000 162.810000 57.940000
