8 1 10 0 80 123.000000 0.000000 12.120000 2.210000 2.730000 0.000000 17.990000 2.730000
8 1 12 0 75 116.000000 0.000000 11.000000 2.280000 2.780000 18.140000 16.460000 2.780000
8 1 14 0 78 130.000000 0.000000 14.290000 2.590000 2.880000 12.410000 21.470000 2.880000
8 1 16 0 78 120.000000 0.000000 8.510000 2.290000 2.880000 21.620000 18.760000 2.880000
8 1 18 0 85 149.000000 0.000000 17.860000 3.450000 5.510000 9.920000 26.530000 5.510000
8 1 20 0 78 144.000000 0.000000 13.530000 3.360000 5.460000 25.190000 24.340000 5.460000
8 1 22 0 83 173.000000 0.000000 19.690000 4.360000 5.650000 16.260000 30.290000 5.650000
8 1 24 0 81 162.000000 0.000000 6.810000 3.220000 6.000000 28.340000 23.870000 6.000000
8 1 26 1 92 221.000000 8090.000000 19.640000 4.140000 9.620000 6.910000 35.190000 9.620000
8 1 28 0 90 179.000000 0.000000 14.140000 3.490000 10.220000 31.580000 32.300000 10.220000
8 1 30 0 82 202.000000 0.000000 23.360000 6.070000 10.910000 20.160000 39.550000 10.910000
8 1 32 0 80 160.000000 0.000000 15.880000 5.740000 11.210000 36.610000 33.290000 11.210000
8 1 34 0 92 219.000000 0.000000 28.290000 7.700000 11.360000 17.290000 44.170000 11.360000
8 1 36 0 87 183.000000 0.000000 23.030000 5.690000 14.380000 41.540000 41.330000 14.380000
8 1 38 0 92 234.000000 0.000000 34.730000 7.550000 14.480000 30.360000 49.970000 14.480000
8 1 40 0 97 191.000000 0.000000 26.220000 6.010000 14.830000 49.300000 40.750000 14.830000
8 1 8 0 69 95.000000 0.000000 5.550000 1.650000 2.730000 27.630000 12.360000 2.730000
8 2 10 0 79 140.000000 0.000000 14.470000 3.310000 5.460000 5.640000 27.870000 5.460000
8 2 12 0 82 156.000000 0.000000 13.670000 3.250000 5.560000 20.490000 27.180000 5.560000
8 2 14 0 81 156.000000 0.000000 17.010000 3.530000 5.750000 15.080000 33.710000 5.750000
8 2 16 0 82 161.000000 0.000000 11.610000 4.320000 5.750000 24.340000 32.860000 5.750000
8 2 18 0 92 196.000000 0.000000 21.050000 5.330000 11.010000 13.020000 42.710000 11.010000
8 2 20 0 85 207.000000 0.000000 16.960000 5.030000 10.910000 28.380000 41.760000 10.910000
8 2 22 0 82 235.000000 0.000000 23.170000 8.360000 11.310000 19.690000 49.160000 11.310000
8 2 24 0 75 189.000000 0.000000 10.530000 7.070000 12.000000 31.810000 44.180000 12.000000
8 2 26 0 101 357.000000 0.000000 23.400000 8.160000 19.250000 10.620000 57.570000 19.250000
8 2 28 0 90 319.000000 0.000000 18.660000 8.800000 20.440000 35.340000 56.250000 20.440000
8 2 30 0 102 387.000000 0.000000 28.760000 10.280000 21.830000 24.670000 65.350000 21.830000
8 2 32 0 93 330.000000 0.000000 22.740000 10.900000 22.420000 42.010000 60.860000 22.420000
8 2 34 1 124 451.000000 17024.000000 35.430000 12.580000 22.720000 24.150000 73.490000 22.720000
8 2 36 0 100 386.000000 0.000000 34.120000 13.540000 28.770000 48.680000 73.290000 28.770000
8 2 38 0 97 377.000000 0.000000 46.900000 15.950000 28.970000 41.450000 83.880000 28.970000
8 2 40 0 98 290.000000 0.000000 46.570000 14.750000 29.660000 61.470000 76.590000 29.660000
8 2 8 0 74 128.000000 0.000000 7.890000 2.860000 5.460000 47.980000 21.330000 5.460000
8 3 10 0 92 217.000000 0.000000 26.880000 5.830000 8.180000 7.990000 45.500000 8.180000
8 3 12 0 89 207.000000 0.000000 21.050000 5.790000 8.330000 44.080000 42.380000 8.330000
8 3 14 1 97 309.000000 56343.000000 32.140000 7.780000 8.630000 29.040000 55.620000 8.630000
8 3 16 0 88 214.000000 0.000000 17.390000 6.620000 8.630000 52.630000 49.600000 8.630000
8 3 18 1 109 384.000000 842793.000000 38.860000 10.510000 16.520000 22.740000 70.140000 16.520000
8 3 20 0 87 261.000000 0.000000 27.960000 9.550000 16.370000 61.980000 65.450000 16.370000
8 3 22 1 103 559.000000 579157.000000 42.430000 14.170000 16.960000 39.240000 81.110000 16.960000
8 3 24 0 81 254.000000 0.000000 14.430000 10.310000 18.010000 70.160000 65.270000 18.010000
8 3 32 2 129 342.000000 0.000000 14.430000 10.310000 18.010000 16.490000 92.790000 33.630000
8 3 34 2 138 199.000000 0.000000 14.430000 10.310000 18.010000 34.820000 120.920000 34.080000
8 3 36 2 109 841.000000 0.000000 14.430000 10.310000 18.010000 66.540000 114.970000 43.150000
8 3 38 2 151 218.000000 0.000000 14.430000 10.310000 18.010000 57.610000 137.760000 43.450000
8 3 40 2 107 573.000000 0.000000 69.780000 32.210000 44.490000 84.210000 115.350000 44.490000
8 3 8 0 77 152.000000 0.000000 10.860000 3.590000 8.180000 75.140000 31.150000 8.180000
8 4 10 0 83 203.000000 0.000000 18.700000 6.190000 10.910000 12.920000 47.420000 10.910000
8 4 12 0 86 226.000000 0.000000 17.900000 6.390000 11.110000 25.380000 48.680000 11.110000
8 4 14 0 89 254.000000 0.000000 21.620000 6.850000 11.510000 19.970000 58.080000 11.510000
8 4 16 0 90 239.000000 0.000000 16.920000 8.920000 11.510000 29.610000 60.880000 11.510000
8 4 18 0 95 311.000000 0.000000 26.640000 12.470000 22.020000 18.980000 74.960000 22.020000
8 4 20 0 88 299.000000 0.000000 22.930000 12.860000 21.830000 34.630000 76.700000 21.830000
8 4 22 1 93 378.000000 8860.000000 29.370000 16.040000 22.620000 26.320000 86.750000 22.620000
8 4 24 0 81 337.000000 0.000000 15.740000 15.110000 24.010000 38.670000 84.470000 24.010000
8 4 26 1 91 655.000000 210000.000000 30.170000 22.410000 38.490000 16.490000 102.210000 38.490000
8 4 28 0 90 159.000000 0.000000 26.970000 24.450000 40.870000 42.760000 104.310000 40.870000
8 4 30 2 95 1766.000000 0.000000 26.970000 24.450000 40.870000 33.650000 116.770000 43.650000
8 4 32 2 94 788.000000 0.000000 36.040000 32.460000 44.840000 38.630000 115.880000 44.840000
8 4 36 2 101 149.000000 0.000000 36.040000 32.460000 44.840000 38.110000 137.390000 57.540000
8 4 38 2 111 1598.000000 0.000000 36.040000 32.460000 44.840000 55.550000 151.460000 57.940000
8 4 40 2 121 211.000000 0.000000 36.040000 32.460000 44.840000 70.350000 148.580000 59.330000
8 4 8 0 80 174.000000 0.000000 12.120000 4.930000 10.910000 86.840000 39.140000 10.910000
